[[
(104, 166, 57), (112, 175, 60), (118, 181, 76), (105, 173, 72), (103, 164, 61), (115, 180, 76), (116, 182, 76), (116, 177, 74),
(103, 166, 61), (103, 166, 61), (109, 163, 65), (128, 169, 77), (128, 171, 79), (85, 142, 47), (138, 188, 89), (138, 186, 87), 
(117, 166, 84), (140, 195, 93), (140, 195, 93), (137, 194, 89), (103, 167, 57), (105, 171, 63), (120, 174, 76), (140, 185, 90), 
(125, 177, 77), (127, 182, 88), (120, 177, 70), (112, 161, 69), (119, 163, 76), (100, 161, 57), (123, 154, 76), (116, 183, 77), 
(153, 199, 100), (149, 178, 96), (137, 160, 88), (124, 174, 89), (117, 182, 82), (172, 182, 122), (115, 113, 101), (113, 109, 100), 
(69, 79, 29), (125, 165, 77), (125, 166, 74), (111, 103, 92), (116, 108, 97), (135, 166, 86), (122, 145, 77), (141, 110, 82), 
(146, 109, 82), (117, 86, 57), (118, 109, 92), (120, 103, 93), (146, 106, 80), (121, 85, 53), (181, 132, 100), (177, 130, 100), 
(140, 107, 76), (119, 105, 92), (117, 104, 88), (122, 87, 57), (123, 86, 57), (155, 109, 76), (120, 85, 53), (147, 108, 77), 
(120, 87, 56), (181, 135, 99), (183, 134, 94), (144, 105, 76), (149, 110, 81), (87, 57, 21), (117, 84, 53), (120, 87, 56), 
(120, 87, 56), (179, 135, 100), (177, 134, 100), (120, 85, 53), (121, 85, 53), (148, 127, 126), (185, 133, 93), (183, 132, 101), 
(185, 131, 95), (189, 136, 102), (150, 112, 76), (181, 135, 101), (124, 85, 52), (157, 131, 130), (177, 132, 91), (187, 131, 94), 
(149, 109, 74), (120, 85, 53), (146, 107, 76), (150, 109, 77), (177, 137, 102), (144, 102, 80), (151, 110, 82), (121, 85, 53), 
(151, 109, 87), (150, 103, 75), (124, 85, 52), (122, 87, 57), (144, 105, 74), (153, 112, 82), (149, 105, 76), (177, 134, 92), 
(179, 135, 96), (153, 108, 77), (150, 108, 83), (145, 109, 75), (144, 110, 75), (149, 109, 74), (122, 86, 52), (122, 87, 57), 
(149, 112, 86), (145, 104, 76), (153, 105, 69), (116, 79, 52), (153, 110, 75), (140, 108, 87), (144, 109, 87), (123, 84, 53), 
(151, 110, 78), (149, 110, 79), (142, 105, 76), (120, 85, 57), (124, 87, 61), (147, 108, 75), (149, 108, 76), (122, 87, 57), 
(123, 87, 61), (152, 109, 77), (146, 110, 76), (116, 85, 57), (147, 106, 74), (146, 110, 78), (187, 135, 98), (150, 109, 77), 
(123, 86, 57), (117, 87, 61), (121, 85, 53), (121, 87, 52), (177, 133, 94), 
(186, 135, 92), (183, 128, 87), (187, 135, 98), (146, 112, 77), (153, 110, 78), (150, 109, 77), (189, 133, 86), (177, 136, 104), 
(179, 135, 100), (181, 136, 105), (157, 111, 77), (189, 135, 91), (151, 110, 82), (183, 131, 91), (184, 131, 87), (150, 106, 77),
(149, 132, 122), (146, 112, 85), (126, 85, 53), (150, 106, 69), (144, 107, 80), (121, 103, 93), (120, 102, 90), (157, 109, 69), 
(146, 110, 78), (144, 110, 85), (149, 110, 77), (152, 109, 77), (181, 133, 93), (180, 135, 96), (123, 84, 53), (123, 107, 94), 
(118, 101, 91), (149, 110, 77), (125, 86, 53), (149, 110, 79), (147, 108, 75), (127, 87, 61), (153, 108, 75), (181, 137, 102), 
(179, 135, 100), (181, 137, 100), (149, 110, 79), (146, 112, 85), (146, 105, 75), (177, 133, 96), (120, 86, 61), (131, 86, 53), 
(178, 132, 98), (177, 133, 94), (149, 110, 79), (153, 110, 78), (183, 134, 102), (181, 131, 94), (154, 108, 74), (125, 84, 52), 
(144, 105, 74), (147, 108, 77), (123, 84, 53), (146, 109, 80), (181, 132, 92), (153, 108, 75), (150, 109, 77), (181, 137, 102), 
(155, 110, 77), (157, 113, 74), (185, 138, 96), (177, 135, 97), (153, 108, 75), (151, 110, 80), (120, 85, 47), (122, 84, 45), 
(149, 110, 81), (154, 111, 76), (179, 140, 111), (177, 134, 102), (154, 106, 70), (153, 110, 75), (150, 106, 69), (153, 110, 76),
(149, 109, 74), (153, 109, 72), (150, 110, 75), (121, 86, 56), (127, 86, 56), (124, 85, 52), (146, 106, 80)], 


[(116, 184, 75), (116, 184, 75), (102, 165, 60), (112, 176, 66), (130, 188, 85), (116, 183, 78), (101, 172, 70), (103, 160, 57), (118, 184, 76), (104, 165, 62), (107, 173, 63), (107, 168, 64), (104, 166, 59), (108, 176, 63), (117, 179, 78), (121, 184, 80), (121, 176, 83), (138, 176, 99), (102, 173, 71), (103, 160, 57), (115, 179, 69), (112, 172, 72), (111, 172, 69), (103, 165, 58), (123, 179, 78), (122, 162, 74), (108, 157, 66), (108, 155, 63), (118, 174, 73), (110, 170, 74), (108, 172, 60), (113, 172, 64), (102, 165, 60), (108, 164, 63), (121, 170, 79), (120, 173, 83), (84, 154, 42), (91, 160, 43), (64, 79, 20), (74, 72, 31), (77, 65, 39), (113, 152, 69), (109, 158, 66), (122, 158, 71), (136, 180, 91), (148, 192, 95), (109, 152, 60), (120, 144, 70), (88, 60, 39), (125, 173, 74), (123, 168, 75), (107, 150, 68), (64, 72, 21), (114, 86, 64), (118, 87, 59), (122, 84, 61), (120, 142, 78), (133, 154, 85), (118, 86, 65), (123, 87, 65), (121, 83, 60), (125, 85, 59), (144, 111, 78), (116, 89, 59), (114, 89, 59), (122, 88, 63), (122, 84, 61), (125, 84, 62), (87, 60, 39), (116, 88, 66), (121, 86, 58), (125, 89, 63), (148, 110, 74), (140, 104, 68), (124, 88, 54), (121, 85, 51), (152, 113, 80), (123, 87, 63), (120, 84, 60), (121, 83, 60), (123, 87, 63), (88, 56, 35), (114, 88, 63), (148, 111, 84), (119, 83, 51), (124, 84, 48), (124, 87, 60), (154, 105, 73), (122, 83, 52), (148, 111, 82), (118, 91, 61), (117, 88, 58), (120, 84, 60), (120, 88, 65), (116, 89, 59), (116, 82, 54), (118, 87, 58), (119, 88, 59), (126, 91, 59), (121, 82, 51), (124, 87, 60), (152, 113, 82), (148, 108, 73), (123, 88, 66), (120, 88, 65), (116, 87, 55), (120, 91, 59), 
(124, 84, 58), (123, 81, 56), (123, 88, 60), (121, 91, 57), (118, 82, 46), (122, 86, 54), (121, 87, 60), (115, 86, 70), (120, 88, 67), (119, 84, 56), (117, 85, 62), (115, 83, 58), (186, 136, 99), (118, 84, 56), (114, 82, 57), (129, 85, 58), (121, 81, 55), (148, 107, 75), (116, 83, 48), (123, 89, 54), 
(152, 112, 77), (152, 109, 74), (180, 137, 102), (122, 88, 51), (122, 88, 53), (123, 85, 49), (118, 84, 56), (116, 87, 69), (121, 86, 66), (124, 87, 60), (123, 89, 62), (118, 83, 55), (178, 140, 104), (180, 131, 91), (123, 89, 62), (118, 86, 63), (180, 134, 108), (184, 131, 99), (123, 83, 57), (122, 81, 51), (127, 88, 57), (120, 83, 54), (118, 82, 48), (178, 139, 100), (117, 81, 47), (126, 90, 56), (125, 86, 55), (154, 112, 74), (149, 111, 74), (152, 107, 66), (121, 84, 57), (123, 86, 59), (126, 85, 55), (123, 84, 55), (124, 87, 60), (123, 87, 55), (123, 85, 49), (123, 87, 51), (121, 84, 57), (123, 86, 60), (148, 108, 83), (149, 111, 74), (121, 85, 61), (121, 85, 61), (143, 107, 83), (152, 108, 79), (156, 111, 78), (123, 88, 60), (121, 86, 54), 
(123, 85, 49), (121, 84, 55), (121, 87, 62), (125, 86, 55), (124, 83, 55), (146, 105, 73), (124, 89, 61), (124, 87, 60), (119, 82, 55), (118, 83, 61), 
(121, 85, 59), (124, 85, 56), (152, 107, 74), (127, 88, 59), (121, 86, 58), (120, 89, 61), (121, 87, 59), (119, 87, 62), (136, 108, 86), (123, 86, 59), (123, 83, 57), (122, 81, 53), (148, 108, 73), (120, 86, 59), (120, 79, 49), (123, 80, 48), (124, 85, 56), (119, 84, 56), (122, 86, 54), (122, 85, 58), (122, 85, 56), (119, 84, 54), (123, 84, 51), (127, 82, 49), (125, 84, 54), (122, 86, 60), (119, 84, 56), (119, 87, 62), (119, 89, 63), (119, 85, 58), 
(122, 87, 59), (123, 88, 58), (119, 86, 55), (120, 89, 58), (120, 86, 51), (182, 138, 99), (124, 81, 49), (124, 85, 54), (121, 87, 62), (121, 86, 58), 
(122, 86, 54), (130, 86, 49), (133, 85, 49), (126, 89, 60), (118, 88, 62), (120, 84, 58), (120, 83, 54), (122, 83, 52), (117, 86, 55), (125, 85, 59), (119, 85, 58), (121, 86, 58), (121, 82, 53), (117, 83, 56), (120, 85, 55), (184, 133, 90), (126, 87, 58), (118, 82, 56), (182, 138, 103), (156, 107, 74), (148, 131, 121), (113, 83, 59), (126, 90, 58), (121, 84, 57), (121, 84, 55), (119, 84, 54), (123, 84, 51), (190, 134, 87), (178, 134, 99), (180, 134, 98), (156, 112, 77), (148, 134, 125), (114, 86, 65), (122, 86, 60), (120, 86, 59), (122, 87, 59), (124, 85, 56), (152, 107, 68), (184, 136, 96), (124, 85, 56), (148, 111, 82), (125, 90, 62), (118, 86, 65), (115, 85, 59), (116, 88, 66), (87, 56, 35), (120, 88, 63), (118, 84, 57), (126, 85, 55), (126, 
83, 51), (148, 109, 76), (152, 108, 73), (127, 88, 59), (146, 111, 83), (149, 106, 71), (148, 108, 72), (122, 88, 61), (116, 86, 62), (143, 108, 78), (123, 85, 49), (123, 89, 62), (116, 82, 57), (120, 83, 56), (148, 112, 80), (178, 134, 99), (122, 81, 49), (123, 88, 58), (114, 86, 62), (116, 88, 66), 
(118, 84, 57), (123, 88, 60), (120, 84, 58), (120, 86, 59), (118, 88, 64), (114, 86, 62), (115, 89, 64), (116, 89, 62), (121, 87, 60), (121, 82, 51), (118, 83, 55), (123, 88, 60), (118, 81, 55), (123, 87, 63), (152, 107, 74), (118, 81, 52), (127, 92, 62), (120, 86, 58), (121, 85, 61), (120, 82, 59), (120, 84, 60), (122, 92, 68), (114, 88, 65), (113, 87, 62), (113, 83, 57), (124, 85, 56), (127, 88, 57), (120, 81, 50), (148, 107, 75), (126, 83, 51), (129, 88, 58), (120, 83, 54), (119, 85, 58), (119, 85, 60), (120, 84, 58), (128, 87, 55), (148, 107, 75), (118, 83, 55), (118, 82, 56), (88, 60, 39), (117, 89, 67), (126, 91, 63), (156, 107, 74), (152, 107, 74), (126, 83, 51), (125, 86, 55), (121, 86, 58), (123, 89, 64), (122, 88, 63), (125, 86, 55), (124, 85, 54), (186, 134, 97), (115, 85, 61), (122, 85, 58), (152, 106, 70), (152, 106, 73), (152, 106, 72), (150, 105, 72), (122, 88, 63), (121, 89, 66), (119, 85, 60), (115, 84, 63), (121, 87, 60), (116, 82, 55), (178, 130, 90), (128, 79, 39), (121, 87, 60), (121, 87, 59), (126, 88, 51), (127, 85, 43), (149, 105, 66), (156, 112, 77), (150, 105, 72), (145, 104, 72), (117, 85, 60), (115, 85, 61), (124, 85, 56), (123, 89, 64), (115, 90, 70), (112, 87, 65), (178, 132, 96), (127, 83, 48), (120, 83, 54), (124, 89, 57), (149, 111, 74), (148, 107, 77), (153, 105, 67), (121, 86, 58), (121, 87, 60), (152, 
107, 74), (152, 106, 72), (152, 107, 74), (121, 84, 57), (124, 88, 56), (123, 83, 57), (123, 86, 60), (122, 85, 59), (121, 84, 55), (120, 86, 59), (120, 90, 66), (152, 108, 71), (118, 83, 55), (181, 136, 103), (148, 104, 69), (159, 105, 67), (113, 86, 65), (143, 134, 127), (115, 84, 63), (150, 107, 72), (152, 109, 74), (124, 86, 67), (118, 83, 63), (120, 85, 65), (121, 86, 58), (152, 108, 73), (152, 111, 79), (114, 82, 61), (113, 86, 69)], 


[(115, 182, 76), (100, 167, 61), (115, 175, 61), (107, 171, 61), (107, 166, 60), (100, 159, 49), (84, 140, 49), (81, 140, 48), (106, 174, 61), (115, 176, 73), (88, 155, 49), (108, 170, 61), (102, 167, 65), (106, 169, 62), (106, 169, 62), (100, 159, 53), (83, 143, 45), (109, 175, 69), (107, 170, 65), (111, 169, 66), (126, 181, 80), (65, 67, 20), (65, 72, 21), (143, 198, 96), (141, 182, 90), (81, 64, 36), (81, 67, 38), (142, 197, 95), (141, 193, 92), (145, 193, 91), (141, 192, 87), (107, 153, 65), (106, 172, 66), (71, 76, 22), (70, 73, 20), (85, 69, 35), (80, 67, 32), (131, 170, 87), (64, 79, 22), (60, 78, 20), (147, 195, 93), (161, 194, 113), (67, 75, 24), (63, 77, 24), (75, 64, 36), (177, 191, 132), (165, 196, 118), (112, 167, 65), (78, 69, 28), (80, 66, 31), (135, 156, 87), (78, 68, 32), (72, 73, 31), (143, 182, 93), (146, 192, 94), (83, 66, 38), (80, 69, 37), (107, 137, 65), (81, 69, 31), (83, 71, 33), (74, 65, 36), (76, 66, 39), (80, 67, 32), (80, 68, 30), (67, 77, 17), (77, 76, 32), (83, 63, 38), (82, 70, 32), (83, 69, 30), (87, 63, 35), (77, 72, 30), (100, 150, 65), (66, 74, 17), (83, 67, 33), (115, 87, 65), (78, 65, 31), (75, 68, 26), (81, 72, 29), (85, 70, 31), (84, 65, 25), (74, 69, 27), (86, 62, 38), (82, 67, 28), (78, 64, 38), (82, 68, 39), (77, 71, 37), (147, 111, 79), (179, 134, 105), (82, 67, 24), (79, 71, 25), (141, 114, 85), (85, 70, 31), (78, 64, 29), (81, 69, 31), (75, 70, 32), (147, 112, 80), (141, 110, 79), (147, 111, 79), (141, 105, 73), (83, 63, 38), (85, 68, 40), (151, 108, 76), (149, 107, 82), (178, 133, 94), (182, 130, 91), (179, 135, 108), (186, 133, 89), (151, 108, 76), (123, 88, 56), (183, 141, 101), (175, 133, 91), (149, 107, 82), (147, 110, 81), (175, 136, 97), (179, 137, 95), (153, 107, 73), (150, 107, 73), (131, 88, 56), (153, 107, 73), (143, 115, 93), (147, 112, 82), (87, 55, 30), (182, 133, 92), (186, 133, 93), (147, 112, 74), (150, 107, 73), (134, 82, 43), (142, 107, 69), (179, 131, 95), (146, 103, 71), (185, 137, 101), (186, 137, 97), (148, 108, 82), (186, 133, 89), (179, 131, 93), (145, 108, 82), (148, 107, 79), (182, 138, 101), (126, 87, 56), (151, 106, 73), (151, 112, 81), (143, 109, 84), (150, 107, 73), (145, 111, 84), (151, 107, 70), (145, 108, 79), (151, 108, 76), (174, 131, 97), (143, 108, 80), (179, 133, 97), (129, 88, 56), (179, 131, 95), (131, 87, 52), (151, 108, 74), (180, 133, 103), (186, 133, 93), (155, 109, 73), (147, 108, 79), (147, 
108, 79), (147, 110, 81), (188, 135, 93), (175, 134, 104), (179, 139, 103), (177, 137, 101), (155, 109, 73), (182, 137, 106), (179, 134, 103), (175, 135, 99), (131, 87, 50), (147, 109, 73), (145, 131, 120), (115, 87, 65), (149, 107, 69), (155, 107, 67), (175, 134, 102), (155, 109, 73), (142, 133, 128), (155, 107, 67), (151, 105, 69)], 


[(114, 181, 75), (114, 179, 75), (115, 181, 75), (101, 167, 59), (97, 161, 51), (97, 163, 55), (128, 189, 86), (107, 170, 63), (106, 170, 60), (111, 177, 71), (115, 181, 75), (96, 154, 54), (129, 187, 84), (128, 186, 83), (121, 182, 78), (119, 182, 78), (104, 169, 67), (100, 158, 55), (124, 180, 81), (96, 162, 54), (101, 163, 54), (101, 158, 53), (119, 181, 72), (97, 163, 55), (98, 164, 58), (108, 174, 64), (124, 167, 78), (124, 180, 81), (142, 172, 102), (112, 154, 78), (100, 164, 67), (100, 156, 55), (97, 155, 52), (106, 154, 68), (139, 190, 89), (150, 186, 99), (166, 197, 117), (154, 204, 105), (133, 192, 86), (136, 189, 83), (144, 190, 91), (93, 146, 54), (102, 152, 53), (162, 178, 115), (162, 191, 109), (100, 147, 55), (90, 58, 35), (90, 65, 45), (89, 63, 48), (92, 57, 37), (99, 61, 40), (135, 162, 83), (91, 61, 37), (91, 59, 34), (93, 59, 34), (132, 155, 83), (84, 58, 41), (96, 59, 40), (94, 59, 40), (94, 58, 42), (93, 58, 39), (177, 138, 105), (136, 116, 81), (91, 64, 43), (147, 109, 86), (94, 58, 42), (92, 59, 42), (95, 60, 32), (93, 63, 35), (93, 59, 34), (95, 63, 40), (91, 60, 39), (93, 61, 38), (86, 61, 39), (90, 55, 36), (93, 58, 38), (95, 57, 36), (97, 59, 36), (147, 107, 71), (91, 59, 36), (87, 59, 37), (93, 62, 41), (90, 60, 36), (91, 61, 37), (89, 59, 33), (95, 57, 36), (96, 58, 35), (91, 61, 37), (90, 62, 40), (93, 63, 37), (89, 58, 29), (96, 59, 32), (94, 59, 29), (95, 62, 29), (119, 84, 52), (147, 126, 123), (174, 138, 104), (180, 138, 98), (154, 130, 128), (190, 130, 93), (128, 83, 54), (151, 106, 83), (90, 60, 32), (89, 59, 35), (159, 109, 72), (151, 106, 83), (93, 62, 33), (93, 59, 32), (147, 106, 78), (98, 62, 36), (96, 59, 33), (90, 62, 41), (92, 61, 40), (92, 56, 30), (97, 61, 35), (133, 90, 58), (95, 63, 40), (90, 60, 36), (88, 58, 34), (91, 61, 37), (87, 61, 38), (89, 61, 40), (91, 60, 39), (150, 114, 78), (89, 59, 35), (95, 65, 41), (95, 60, 32), (91, 63, 39), (92, 62, 38), (90, 58, 33), (184, 130, 86), (147, 106, 78), (94, 57, 31), (96, 56, 30), (92, 60, 35), (92, 60, 37), (147, 106, 76), (148, 128, 117), (147, 106, 76), (150, 109, 79), (187, 138, 98), (124, 81, 47), (124, 83, 53), (94, 62, 41), (96, 61, 39), (178, 132, 99), (94, 60, 35), (90, 59, 39), (142, 108, 83), (145, 109, 83), (154, 104, 67), (156, 107, 67), (158, 109, 66), (151, 106, 67), (95, 61, 36), (94, 59, 31), (90, 59, 38), (91, 61, 37), (93, 61, 
36), (94, 60, 33), (93, 61, 36), (97, 63, 38), (94, 58, 32), (178, 138, 103), (96, 60, 34), (95, 58, 31), (148, 109, 78), (184, 138, 102), (148, 109, 78), (98, 62, 38), (98, 58, 32), (91, 57, 32), (124, 83, 53), (124, 83, 53), (119, 82, 53), (97, 60, 33), (98, 57, 27), (188, 138, 101), (97, 57, 31), (95, 63, 40), (96, 62, 35), (98, 61, 32), (176, 132, 103), (89, 61, 40), (91, 60, 39), (93, 65, 43), (89, 57, 32), (129, 81, 41), (146, 107, 78), (91, 57, 30), (94, 57, 28), (89, 61, 40), (85, 58, 39), (85, 60, 38), (93, 62, 34), (113, 86, 67), (144, 130, 119), (150, 109, 81), (90, 58, 37), (89, 58, 37), (154, 104, 67), (150, 109, 79), (91, 64, 47), (88, 61, 44)]]